1.e-3
1.24433480805e-3
1.54836911452e-3
1.92668958491e-3
2.39744691481e-3
2.98322664655e-3
3.71213275661e-3
4.61913600115e-3
5.74775170934e-3
7.15212751996e-3
8.89964122470e-3
1.50791221651e-2
2.14479018646e-2
2.78366077649e-2
3.43509978580e-2
4.04788676143e-2
4.67671668358e-2
5.30822510177e-2
5.94536244094e-2
6.57622481459e-2
7.19663290670e-2
7.82786091569e-2
8.47039894583e-2
9.09685462053e-2
9.72078977683e-2
1.03476303896e-1
1.09757644425e-1
1.16054308478e-1
1.22366966654e-1
1.28681726309e-1
1.34950080166e-1
1.41194955884e-1
1.47513357575e-1
1.53786507425e-1
1.60065754405e-1
1.66399116869e-1
1.72719564578e-1
1.78976521338e-1
1.85235369065e-1
1.91480678734e-1
1.97788986865e-1
2.04093773545e-1
2.10393930261e-1
2.16690970982e-1
2.22970028122e-1
2.29262002709e-1
2.35514150837e-1
2.41791058382e-1
2.48085653944e-1
2.54349225687e-1
2.60633425188e-1
2.66925737090e-1
2.73242334314e-1
2.79552968008e-1
2.85836629231e-1
2.92087627139e-1
2.98344984444e-1
3.04638263941e-1
3.10927912700e-1
3.17216817162e-1
3.23518756794e-1
3.29816821755e-1
3.36117642946e-1
3.42370037571e-1
3.48647819267e-1
3.54941161441e-1
3.61191693542e-1
3.67476708956e-1
3.73764779528e-1
3.80065403148e-1
3.86353986126e-1
3.92614018136e-1
3.98926450032e-1
4.05207324458e-1
4.11491647757e-1
4.17781427212e-1
4.24040064873e-1
4.30342569027e-1
4.36635856026e-1
4.42899618322e-1
4.49163441853e-1
4.55441414625e-1
4.61763447030e-1
4.68064424202e-1
4.74348524276e-1
4.80635613682e-1
4.86901925839e-1
4.93169709960e-1
4.99450674714e-1
5.05715905134e-1
