0.01941803
0.01975247
0.01979007
0.01980182
0.01980691
0.01980956
0.01981111
0.01981209
0.01981276
0.01981322
0.04136056
0.04131943
0.04180483
0.04131943
0.04191838
0.04131943
0.04197247
0.04131943
0.04200331
0.04131943
0.04202306
0.04131943
0.04203671
0.04131943
0.04204668
0.04131943
0.04205428
0.04131943
0.06511979
0.06556167
0.06553519
0.06553519
0.06603293
0.06553519
0.06553519
0.06615609
0.06553519
0.06553519
0.06621571
0.06553519
0.06553519
0.06624993
0.06553519
0.06553519
0.06627187
0.06553519
0.06553519
0.06628704
0.06553519
0.06553519
0.06629811
0.06553519
0.06553519
0.08957136
0.09001837
0.09003776
0.09001837
0.09001837
0.09001837
0.09051789
0.09001837
0.09001837
0.09001837
0.0906449
0.09001837
0.09001837
0.09001837
0.09070714
0.09001837
0.09001837
0.09001837
0.09074312
0.09001837
0.09001837
0.09001837
0.09076628
0.09001837
0.09001837
0.09001837
0.09078232
0.09001837
0.09001837
0.09001837
0.1140298
0.1141351
0.1145954
0.1145954
0.1146107
0.1145954
0.1145954
0.1145954
0.1145954
0.1150947
0.1145954
0.1145954
0.1145954
0.1145954
0.1152236
0.1145954
0.1145954
0.1145954
0.1145954
0.1152873
0.1145954
0.1145954
0.1145954
0.1145954
0.1153244
0.1145954
0.1145954
0.1145954
0.1145954
0.1153483
0.1145954
0.1145954
0.1145954
0.1145954
0.1386335
0.1392162
0.1387487
0.1392162
0.1392162
0.1392162
0.1392287
0.1392162
0.1392162
0.1392162
0.1392162
0.1392162
0.1397148
0.1392162
0.1392162
0.1392162
0.1392162
0.1392162
0.1398448
0.1392162
0.1392162
0.1392162
0.1392162
0.1392162
0.1399094
0.1392162
0.1392162
0.1392162
0.1392162
0.1392162
0.1399471
0.1392162
0.1392162
0.1392162
0.1392162
0.1392162
0.1632167
0.1632689
0.1638609
0.1638609
0.1633889
0.1638609
0.1638609
0.1638609
0.1638609
0.1638716
0.1638609
0.1638609
0.1638609
0.1638609
0.1638609
0.1638609
0.1643588
0.1638609
0.1638609
0.1638609
0.1638609
0.1638609
0.1638609
0.1644894
0.1638609
0.1638609
0.1638609
0.1638609
0.1638609
0.1638609
0.1645546
0.1638609
0.1638609
0.1638609
0.1638609
0.1638609
0.1638609
0.1878653
0.1885201
0.1879223
0.1885201
0.1885201
0.1885201
0.1880452
0.1885201
0.1885201
0.1885201
0.1885201
0.1885201
0.1885294
0.1885201
0.1885201
0.1885201
0.1885201
0.1885201
0.1885201
0.1885201
0.1890174
0.1885201
0.1885201
0.1885201
0.1885201
0.1885201
0.1885201
0.1885201
0.1891484
0.1885201
0.1885201
0.1885201
0.1885201
0.1885201
0.1885201
0.1885201
0.2124969
0.2125274
0.2131887
0.2131887
0.212587
0.2131887
0.2131887
0.2131887
0.2131887
0.2127117
0.2131887
0.2131887
0.2131887
0.2131887
0.2131887
0.2131887
0.213197
0.2131887
0.2131887
0.2131887
0.2131887
0.2131887
0.2131887
0.2131887
0.2131887
0.2136855
0.2131887
0.2131887
0.2131887
0.2131887
0.2131887
0.2131887
0.2131887
0.2131887
0.2371649
0.2378639
0.2371981
0.2378639
0.2378639
0.2378639
0.2372594
0.2378639
0.2378639
0.2378639
0.2378639
0.2378639
0.2373853
0.2378639
0.2378639
0.2378639
0.2378639
0.2378639
0.2378639
0.2378639
0.2378713
0.2378639
0.2378639
0.2378639
0.2378639
0.2378639
0.2378639
0.2378639
0.2378639
0.2378639
