0.019418031697829487
0.0417570302977844
0.06582819872044358
0.09023560258606685
0.11476736179380312
0.1393582895046524
0.1639818985269329
0.18862543564944032
0.21328201169094924
0.23794758187618018
0.041360556296949735
0.04131943404078235
0.0651197920483414
0.0655351866151866
0.08949252091229874
0.09001837152971863
0.11401445629114804
0.11459538618776464
0.13860288081412298
0.13921615652382666
0.16322645367187272
0.16386085804544995
0.18787083146159936
0.18852007082779984
0.21252853667663596
0.2131887454018941
0.23719529116775948
0.2378639315520022
0.041804832599333624
0.06556166780989338
0.06553518661518659
0.06553518661518662
0.0895713569762413
0.09001837152971864
0.09001837152971866
0.1140296425340206
0.1145953861877646
0.11459538618776469
0.138591146234678
0.13921615652382668
0.13921615652382666
0.16320084478726896
0.16386085804544992
0.16386085804544986
0.18783715905932805
0.1885200708277999
0.1885200708277999
0.2124897451090022
0.21318874540189406
0.2131887454018941
0.23715303289937315
0.23786393155200222
0.23786393155200225
0.06603309143636459
0.06553518661518659
0.09003776412622956
0.09001837152971864
0.09001837152971866
0.09001837152971864
0.11413507496105135
0.11459538618776462
0.11459538618776464
0.11459538618776466
0.1386334880998951
0.1392161565238267
0.13921615652382674
0.13921615652382668
0.16321665828762383
0.16386085804544986
0.1638608580454499
0.16386085804544995
0.18783954114039486
0.18852007082779987
0.18852007082779992
0.1885200708277999
0.2124844107806684
0.21318874540189403
0.21318874540189395
0.213188745401894
0.23714285515393493
0.23786393155200228
0.23786393155200225
0.23786393155200225
0.06615608725248026
0.09051788446472923
0.09001837152971864
0.09001837152971866
0.11461065705060919
0.11459538618776462
0.11459538618776464
0.11459538618776459
0.11459538618776464
0.13874867833370516
0.13921615652382663
0.1392161565238267
0.1392161565238267
0.13921615652382666
0.1632688706546724
0.16386085804544992
0.1638608580454499
0.16386085804544992
0.1638608580454499
0.1878653133142289
0.1885200708277999
0.18852007082779987
0.18852007082779995
0.18852007082779987
0.21249685565482462
0.21318874540189411
0.21318874540189403
0.2131887454018941
0.2131887454018941
0.23714767772962714
0.23786393155200225
0.23786393155200222
0.23786393155200228
0.2378639315520023
0.09064490066962187
0.09001837152971866
0.1150947071323141
0.11459538618776459
0.11459538618776463
0.11459538618776463
0.1392287424669821
0.13921615652382666
0.13921615652382668
0.1392161565238266
0.13921615652382668
0.13921615652382666
0.16338894741596754
0.16386085804544998
0.16386085804544998
0.1638608580454499
0.1638608580454499
0.16386085804544995
0.18792228210427753
0.1885200708277999
0.18852007082779992
0.18852007082779995
0.18852007082779987
0.18852007082779987
0.21252737967496782
0.21318874540189395
0.21318874540189411
0.21318874540189395
0.2131887454018941
0.21318874540189403
0.23716489786388562
0.23786393155200225
0.23786393155200228
0.23786393155200225
0.23786393155200222
0.23786393155200228
0.09070714136602792
0.11522360493916171
0.11459538618776467
0.11459538618776464
0.13971483923278924
0.1392161565238267
0.13921615652382666
0.13921615652382663
0.13921615652382666
0.16387155879976945
0.1638608580454499
0.16386085804544992
0.1638608580454499
0.16386085804544995
0.16386085804544995
0.16386085804544992
0.18804516692360865
0.18852007082779987
0.1885200708277999
0.1885200708277999
0.18852007082779995
0.1885200708277999
0.1885200708277999
0.2125870263068664
0.2131887454018941
0.21318874540189392
0.2131887454018941
0.21318874540189406
0.21318874540189406
0.21318874540189406
0.2371980750695697
0.23786393155200228
0.23786393155200225
0.23786393155200217
0.23786393155200222
0.2378639315520023
0.2378639315520023
0.11528731669608544
0.11459538618776464
0.139844780533231
0.13921615652382668
0.13921615652382668
0.13921615652382668
0.16435885197317796
0.16386085804544992
0.16386085804544995
0.16386085804544986
0.16386085804544995
0.16386085804544995
0.18852937607735287
0.18852007082779992
0.1885200708277999
0.18852007082779987
0.1885200708277999
0.18852007082779978
0.18852007082779995
0.18852007082779992
0.21271169263227088
0.213188745401894
0.21318874540189403
0.21318874540189406
0.21318874540189403
0.21318874540189411
0.21318874540189414
0.21318874540189411
0.23725938733292185
0.23786393155200228
0.23786393155200228
0.2378639315520023
0.23786393155200222
0.23786393155200225
0.23786393155200228
0.23786393155200225
0.11532435617435441
0.1399093980097175
0.13921615652382666
0.1392161565238267
0.164489407148026
0.16386085804544992
0.16386085804544995
0.16386085804544995
0.16386085804544995
0.18901740095344963
0.18852007082779992
0.1885200708277999
0.1885200708277999
0.18852007082779987
0.18852007082779995
0.18852007082779978
0.21319697657736203
0.21318874540189392
0.21318874540189406
0.21318874540189403
0.2131887454018941
0.213188745401894
0.21318874540189384
0.21318874540189403
0.21318874540189403
0.23738526598485973
0.23786393155200214
0.23786393155200214
0.23786393155200222
0.2378639315520022
0.2378639315520022
0.2378639315520022
0.23786393155200225
0.23786393155200222
0.13994713659971178
0.13921615652382668
0.1645546179008643
0.1638608580454499
0.16386085804544992
0.1638608580454499
0.18914835837455232
0.18852007082779987
0.18852007082779992
0.1885200708277999
0.1885200708277999
0.1885200708277999
0.21368548931764153
0.21318874540189403
0.2131887454018941
0.21318874540189406
0.21318874540189403
0.21318874540189403
0.213188745401894
0.21318874540189403
0.23787131045923435
0.23786393155200222
0.23786393155200217
0.23786393155200228
0.23786393155200222
0.23786393155200228
0.2378639315520022
0.23786393155200233
0.23786393155200225
0.2378639315520022
