0.01941803
0.04136056
0.04131943
0.04180483
0.06556167
0.06553519
0.06553519
0.06603309
0.06553519
0.09003776
0.09001837
0.09001837
0.09001837
0.06615609
0.09051788
0.09001837
0.09001837
0.1146107
0.1145954
0.1145954
0.1145954
0.1145954
0.0906449
0.09001837
0.1150947
0.1145954
0.1145954
0.1145954
0.1392287
0.1392162
0.1392162
0.1392162
0.1392162
0.1392162
0.09070714
0.1152236
0.1145954
0.1145954
0.1397148
0.1392162
0.1392162
0.1392162
0.1392162
0.1638716
0.1638609
0.1638609
0.1638609
0.1638609
0.1638609
0.1638609
0.1152873
0.1145954
0.1398448
0.1392162
0.1392162
0.1392162
0.1643589
0.1638609
0.1638609
0.1638609
0.1638609
0.1638609
0.1885294
0.1885201
0.1885201
0.1885201
0.1885201
0.1885201
0.1885201
0.1885201
0.1153244
0.1399094
0.1392162
0.1392162
0.1644894
0.1638609
0.1638609
0.1638609
0.1638609
0.1890174
0.1885201
0.1885201
0.1885201
0.1885201
0.1885201
0.1885201
0.213197
0.2131887
0.2131887
0.2131887
0.2131887
0.2131887
0.2131887
0.2131887
0.2131887
0.1399471
0.1392162
0.1645546
0.1638609
0.1638609
0.1638609
0.1891484
0.1885201
0.1885201
0.1885201
0.1885201
0.1885201
0.2136855
0.2131887
0.2131887
0.2131887
0.2131887
0.2131887
0.2131887
0.2131887
0.2378713
0.2378639
0.2378639
0.2378639
0.2378639
0.2378639
0.2378639
0.2378639
0.2378639
0.2378639
