0.02223121
0.04355261
0.06701397
0.09111126
0.1154595
0.1399298
0.1644684
0.1890488
0.2136567
0.2382836
0.02250031
0.04359376
0.04411802
0.06703941
0.06767131
0.0911296
0.09180185
0.1154738
0.1161654
0.1399416
0.140644
0.1644783
0.1651875
0.1890574
0.1897711
0.2136643
0.2143812
0.2382904
0.04411802
0.0225091
0.04359376
0.06703941
0.0441442
0.06703941
0.0911296
0.06770986
0.0911296
0.1154738
0.09184657
0.1154738
0.1399416
0.1162136
0.1399416
0.1644783
0.1406943
0.1644783
0.1890574
0.1652392
0.1890574
0.2136643
0.1898237
0.2136643
0.2382904
0.0441442
0.06703941
0.0225117
0.04359376
0.06703941
0.0911296
0.04415343
0.06703941
0.0911296
0.1154738
0.06772464
0.0911296
0.1154738
0.1399416
0.09186455
0.1154738
0.1399416
0.1644783
0.1162335
0.1399416
0.1644783
0.1890574
0.1407155
0.1644783
0.1890574
0.2136643
0.1652613
0.1890574
0.2136643
0.2382904
0.06770986
0.04415343
0.06703941
0.0911296
0.02251281
0.04359376
0.06703941
0.0911296
0.1154738
0.04415774
0.06703941
0.0911296
0.1154738
0.1399416
0.06773193
0.0911296
0.1154738
0.1399416
0.1644783
0.09187374
0.1154738
0.1399416
0.1644783
0.1890574
0.1162439
0.1399416
0.1644783
0.1890574
0.2136643
0.1407268
0.1644783
0.1890574
0.2136643
0.2382904
0.06772464
0.0911296
0.04415774
0.06703941
0.0911296
0.1154738
0.02251338
0.04359376
0.06703941
0.0911296
0.1154738
0.1399416
0.0441601
0.06703941
0.0911296
0.1154738
0.1399416
0.1644783
0.06773608
0.0911296
0.1154738
0.1399416
0.1644783
0.1890574
0.0918791
0.1154738
0.1399416
0.1644783
0.1890574
0.2136643
0.1162501
0.1399416
0.1644783
0.1890574
0.2136643
0.2382904
0.09186455
0.06773193
0.0911296
0.1154738
0.0441601
0.06703941
0.0911296
0.1154738
0.1399416
0.02251371
0.04359376
0.06703941
0.0911296
0.1154738
0.1399416
0.1644783
0.04416153
0.06703941
0.0911296
0.1154738
0.1399416
0.1644783
0.1890574
0.06773867
0.0911296
0.1154738
0.1399416
0.1644783
0.1890574
0.2136643
0.09188252
0.1154738
0.1399416
0.1644783
0.1890574
0.2136643
0.2382904
0.09187373
0.1154738
0.06773608
0.0911296
0.1154738
0.1399416
0.04416153
0.06703941
0.0911296
0.1154738
0.1399416
0.1644783
0.02251392
0.04359376
0.06703941
0.0911296
0.1154738
0.1399416
0.1644783
0.1890574
0.04416246
0.06703941
0.0911296
0.1154738
0.1399416
0.1644783
0.1890574
0.2136643
0.0677404
0.0911296
0.1154738
0.1399416
0.1644783
0.1890574
0.2136643
0.2382904
0.1162439
0.0918791
0.1154738
0.1399416
0.06773867
0.0911296
0.1154738
0.1399416
0.1644783
0.04416246
0.06703941
0.0911296
0.1154738
0.1399416
0.1644783
0.1890574
0.02251406
0.04359376
0.06703941
0.0911296
0.1154738
0.1399416
0.1644783
0.1890574
0.2136643
0.04416311
0.06703941
0.0911296
0.1154738
0.1399416
0.1644783
0.1890574
0.2136643
0.2382904
0.1162501
0.1399416
0.09188251
0.1154738
0.1399416
0.1644783
0.0677404
0.0911296
0.1154738
0.1399416
0.1644783
0.1890574
0.04416311
0.06703941
0.0911296
0.1154738
0.1399416
0.1644783
0.1890574
0.2136643
0.02251416
0.04359376
0.06703941
0.0911296
0.1154738
0.1399416
0.1644783
0.1890574
0.2136643
0.2382904
