# 50 wavenumbers from k=1.148154e-02 to k=1e+01
# with equal spacing on a log scale.
1.148154e-02
1.318257e-02
1.513561e-02
1.737801e-02
1.995262e-02
2.290868e-02
2.630268e-02
3.019952e-02
3.467369e-02
3.981072e-02
4.570882e-02
5.248075e-02
6.025596e-02
6.918310e-02
7.943282e-02
9.120108e-02
1.047129e-01
1.202264e-01
1.380384e-01
1.584893e-01
1.819701e-01
2.089296e-01
2.398833e-01
2.754229e-01
3.162278e-01
3.630781e-01
4.168694e-01
4.786301e-01
5.495409e-01
6.309573e-01
7.244360e-01
8.317638e-01
9.549926e-01
1.096478e+00
1.258925e+00
1.445440e+00
1.659587e+00
1.905461e+00
2.187762e+00
2.511886e+00
2.884032e+00
3.311311e+00
3.801894e+00
4.365158e+00
5.011872e+00
5.754399e+00
6.606934e+00
7.585776e+00
8.709636e+00
1.000000e+01
