0e0	1.e0
1.05056807199e-5	9.99996285565e-1
1.32258684265e-5	9.99994113044e-1
1.66503818551e-5	9.99990669869e-1
2.09615888335e-5	9.99985212909e-1
2.63890768541e-5	9.99976564477e-1
3.32218794454e-5	9.99962858222e-1
4.18238682614e-5	9.99941136886e-1
5.26531305738e-5	9.99906714808e-1
6.62863640898e-5	9.99852169689e-1
8.34495882081e-5	9.99765746463e-1
1.05056807199e-4	9.99628837897e-1
1.32258684265e-4	9.99412011031e-1
1.66503818551e-4	9.99068760031e-1
2.09615888335e-4	9.98525740005e-1
2.63890768541e-4	9.97667605527e-1
3.32218794454e-4	9.96313792314e-1
4.18238682614e-4	9.94183690409e-1
5.26531305738e-4	9.90846311881e-1
6.62863640898e-4	9.85652118904e-1
8.34495882081e-4	9.77652231161e-1
1.05056807199e-3	9.65530899498e-1
1.32258684265e-3	9.47624432847e-1
1.66503818551e-3	9.22177819012e-1
2.09615888335e-3	8.88050935394e-1
2.63890768541e-3	8.45854064093e-1
3.32218794454e-3	7.98136437133e-1
4.18238682614e-3	7.43210246274e-1
5.26531305738e-3	6.61344011946e-1
6.62863640898e-3	5.46069855841e-1
8.34495882081e-3	4.44902249291e-1
1.00005921014e-2	3.7304258508e-1
1.05056807199e-2	3.53335392926e-1
1.32258684265e-2	2.68693520563e-1
1.43836224762e-2	2.42241764945e-1
1.66503818551e-2	1.99672890931e-1
2.06791402688e-2	1.47711293495e-1
2.09615886358e-2	1.44863109567e-1
2.63889326873e-2	1.03084090235e-1
2.97530937297e-2	8.57666475443e-2
3.32026130805e-2	7.22343832148e-2
4.12027131432e-2	5.10659827076e-2
4.28089288886e-2	4.79675116226e-2
4.78910053814e-2	3.98507898423e-2
5.27519820948e-2	3.38931674118e-2
5.67696077717e-2	2.99377183772e-2
6.03610541672e-2	2.69652247007e-2
6.15785422464e-2	2.60584247002e-2
6.37130042248e-2	2.45789700756e-2
6.69245614534e-2	2.25818871657e-2
7.00552756715e-2	2.08623160696e-2
7.31443256738e-2	1.93527864694e-2
7.62193583587e-2	1.8009842653e-2
7.9301021989e-2	1.68004744264e-2
8.24054889122e-2	1.5701983411e-2
8.55459521103e-2	1.46974626078e-2
8.8578364616e-2	1.38182168294e-2
8.87335596546e-2	1.37753796583e-2
9.19780230599e-2	1.29238877264e-2
9.52880271982e-2	1.21345112898e-2
9.86715144699e-2	1.14004396089e-2
1.02135886466e-1	1.07163410572e-2
1.05688149809e-1	1.00777656734e-2
1.09335023204e-1	9.48006942156e-3
1.13083016877e-1	8.91976344112e-3
1.16938491956e-1	8.39385667701e-3
1.20907705054e-1	7.9000725543e-3
1.24996841764e-1	7.43611352263e-3
1.27420214341e-1	7.18027063238e-3
1.29212041859e-1	6.99952822506e-3
1.3355941826e-1	6.58844745357e-3
1.38045071469e-1	6.20121037806e-3
1.42675100802e-1	5.83654720597e-3
1.47455613641e-1	5.49302675461e-3
1.52392733728e-1	5.1692087711e-3
1.57492609508e-1	4.86392921667e-3
1.62761423423e-1	4.57612713391e-3
1.68205403081e-1	4.30495375167e-3
1.73830835158e-1	4.04954055148e-3
1.79644082908e-1	3.80881404754e-3
1.8325537332e-1	3.66994101633e-3
1.85651608141e-1	3.5819493756e-3
1.91859998511e-1	3.36818021276e-3
1.98276000979e-1	3.16689239392e-3
2.04906562314e-1	2.97739269267e-3
2.11758877546e-1	2.7989151839e-3
2.18840447311e-1	2.63083266576e-3
2.26159145175e-1	2.47255635232e-3
2.33723296119e-1	2.3235845684e-3
2.41541767637e-1	2.18338597272e-3
2.49624075163e-1	2.05139274127e-3
2.57980503991e-1	1.92712169252e-3
2.63633133993e-1	1.84935340393e-3
2.66622250418e-1	1.81011813153e-3
2.75561585578e-1	1.69999745885e-3
2.84812046464e-1	1.5963452884e-3
2.94388659944e-1	1.4987213391e-3
3.0430820733e-1	1.4067514183e-3
3.14589539415e-1	1.32008377374e-3
3.25253955006e-1	1.23841919926e-3
3.36325660283e-1	1.16144002728e-3
3.47832332103e-1	1.0888062213e-3
3.59805816569e-1	1.02022903903e-3
3.72283005596e-1	9.55436638899e-4
3.79240926047e-1	9.21955182895e-4
3.85306950713e-1	8.94188840359e-4
3.98928297315e-1	8.36232822015e-4
4.13207158244e-1	7.81323686524e-4
4.28215599662e-1	7.2923745951e-4
4.44040995966e-1	6.79760000022e-4
4.60790643668e-1	6.32712711783e-4
4.78598241487e-1	5.87860118077e-4
4.97633209579e-1	5.44992832122e-4
5.18114457345e-1	5.03901663925e-4
5.40331360619e-1	4.64382759706e-4
5.45473385044e-1	4.55900679376e-4
5.64676884088e-1	4.26193983877e-4
5.91702102e-1	3.89068188033e-4
6.22210434368e-1	3.52702131498e-4
6.57430188332e-1	3.16730881098e-4
6.99352569986e-1	2.8065231132e-4
7.5144682705e-1	2.43806761889e-4
7.84682337616e-1	2.23971130364e-4
8.2029492521e-1	2.05287880519e-4
9.19451483852e-1	1.64051177738e-4
1.07650277921e0	1.2025744867e-4
1.12869323228e0	1.09537005228e-4
1.32601291988e0	7.96887485439e-5
1.62235774765e0	5.34667531307e-5
1.66677441516e0	5.06812206888e-5
2.09829731744e0	3.21045233366e-5
2.33435964237e0	2.59794234073e-5
2.64159964483e0	2.03203721494e-5
3.32557692058e0	1.28536993236e-5
3.35869500859e0	1.26026833057e-5
4.18665329419e0	8.12641376973e-6
4.83154716087e0	6.10812795776e-6
5.27068422243e0	5.13558416011e-6
6.63539830516e0	3.24456291184e-6
6.95127005743e0	2.9570552128e-6
8.35347154374e0	2.04928380682e-6
1.00005921014e1	1.43075808074e-6
1.05163976031e1	1.29405713799e-6
1.32393601831e1	8.17021738323e-7
1.66673669704e1	5.15776528448e-7
2.09829718267e1	3.25570118567e-7
2.64159964476e1	2.05483941928e-7
3.32557692058e1	1.29686523506e-7
4.18665329419e1	8.18425086207e-8
5.27068422243e1	5.16485672926e-8
6.63539830516e1	3.25919931385e-8
8.35347154374e1	2.05661143555e-8
1.05163976031e2	1.29775848448e-8
1.32393601831e2	8.18874035939e-9
141e0	7.21952050306e-9