0e0	1.e0
1.05319013295e-5	1.0000001908e0
1.32588782182e-5	1.0000003024e0
1.66919387208e-5	1.00000047927e0
2.10139058278e-5	1.00000075958e0
2.64549400476e-5	1.00000120385e0
3.33047962934e-5	1.00000190792e0
4.19282543884e-5	1.00000302377e0
5.27845449218e-5	1.00000479212e0
6.6451804952e-5	1.00000759442e0
8.36578659137e-5	1.00001203486e0
1.05319013295e-4	1.00001907032e0
1.32588782182e-4	1.00003021525e0
1.66919387208e-4	1.00004786475e0
2.10139058278e-4	1.00007580267e0
2.64549400476e-4	1.00011999357e0
3.33047962934e-4	1.00018981289e0
4.19282543884e-4	1.00029992147e0
5.27845449218e-4	1.00047306824e0
6.6451804952e-4	1.00074410636e0
8.36578659137e-4	1.00116534837e0
1.05319013295e-3	1.00181271091e0
1.32588782182e-3	1.00279034814e0
1.66919387208e-3	1.00422762268e0
2.10139058278e-3	1.00625741089e0
2.64549400476e-3	1.00896675937e0
3.33047962934e-3	1.01235481439e0
4.19282543884e-3	1.01649604758e0
5.27845449218e-3	1.02219139307e0
6.6451804952e-3	1.03073781222e0
8.36578659137e-3	1.0406189273e0
1.00005921014e-2	1.0478354611e0
1.05319013295e-2	1.04996904513e0
1.32588782182e-2	1.05944925287e0
1.43836224762e-2	1.06260972265e0
1.66919387208e-2	1.06801850362e0
2.06791402688e-2	1.07487295812e0
2.10139056145e-2	1.07533895631e0
2.64547874296e-2	1.08127602327e0
2.97530937297e-2	1.08378540992e0
3.32847094901e-2	1.08587803273e0
4.12895529737e-2	1.08915404749e0
4.28089288886e-2	1.08961763199e0
4.79554521846e-2	1.09093166774e0
5.28052786425e-2	1.09189317658e0
5.68179413003e-2	1.0925389548e0
6.04069646881e-2	1.09302832527e0
6.15785422464e-2	1.09317287102e0
6.37577478161e-2	1.09342380384e0
6.69688562302e-2	1.09375666434e0
7.0099578349e-2	1.09404468516e0
7.31889516643e-2	1.0942986054e0
7.6264540553e-2	1.09452528807e0
7.93469422614e-2	1.09473018834e0
8.24522962421e-2	1.0949169787e0
8.55937736111e-2	1.09508839668e0
8.8578364616e-2	1.09523667564e0
8.87825076004e-2	1.09524634755e0
9.2028199536e-2	1.09539270303e0
9.53395272774e-2	1.09552881804e0
9.87244284401e-2	1.09565578316e0
1.02190301426e-1	1.09577442218e0
1.05744150834e-1	1.09588542998e0
1.09392694205e-1	1.09598960703e0
1.13142441242e-1	1.09608752023e0
1.16999753039e-1	1.09617965428e0
1.20970886532e-1	1.09626635627e0
1.25062027919e-1	1.09634800305e0
1.27420214341e-1	1.09639190599e0
1.29279317781e-1	1.0964250148e0
1.33628870012e-1	1.0964976986e0
1.38116786204e-1	1.09656632658e0
1.4274916687e-1	1.09663109695e0
1.47532120669e-1	1.09669224872e0
1.52471772713e-1	1.09675002365e0
1.57574272901e-1	1.09680461301e0
1.62845805241e-1	1.09685619057e0
1.68292599038e-1	1.09690488708e0
1.7392094283e-1	1.09695084452e0
1.79737201946e-1	1.09699425005e0
1.8325537332e-1	1.09701869002e0
1.85747840536e-1	1.09703524074e0
1.91959448916e-1	1.0970739437e0
1.98378777111e-1	1.09711045393e0
2.05012775434e-1	1.09714488887e0
2.11868643034e-1	1.09717738265e0
2.18953885345e-1	1.09720804118e0
2.26276381528e-1	1.09723696375e0
2.33844463091e-1	1.0972642292e0
2.41667005138e-1	1.09728992896e0
2.49753531967e-1	1.09731416605e0
2.58114339192e-1	1.09733702401e0
2.63633133993e-1	1.09735101209e0
2.66760635123e-1	1.09735858143e0
2.75704704873e-1	1.09737890229e0
2.84960101724e-1	1.09739805936e0
2.9454187154e-1	1.0974161314e0
3.04466817843e-1	1.09743318393e0
3.14753817471e-1	1.0974492785e0
3.25424199899e-1	1.09746446562e0
3.36502207594e-1	1.09747880165e0
3.48015560613e-1	1.09749234827e0
3.59996156843e-1	1.09750515665e0
3.72480950781e-1	1.09751727499e0
3.79240926047e-1	1.09752336542e0
3.8551307029e-1	1.09752874302e0
3.9914325485e-1	1.09753960762e0
4.13431734654e-1	1.09754991466e0
4.28450724186e-1	1.09755970488e0
4.44287788152e-1	1.09756901725e0
4.61050471419e-1	1.09757788352e0
4.78872803119e-1	1.09758634774e0
4.9792465275e-1	1.09759444839e0
5.1842555645e-1	1.09760222408e0
5.40665790224e-1	1.09760971145e0
5.45473385044e-1	1.09761121485e0
5.65039656794e-1	1.09761695658e0
5.92100301635e-1	1.0976240102e0
6.22654509808e-1	1.09763092955e0
6.5793638229e-1	1.09763778334e0
6.99947818678e-1	1.09764466939e0
7.52179463829e-1	1.09765171516e0
7.84682337616e-1	1.09765542455e0
8.2125977909e-1	1.09765909677e0
9.20847660443e-1	1.09766701725e0
1.07870185339e0	1.09767544598e0
1.12869323228e0	1.09767742035e0
1.32924827883e0	1.09768326087e0
1.62235774765e0	1.09768826596e0
1.67092923061e0	1.0976888547e0
2.10353011948e0	1.09769244566e0
2.33435964237e0	1.09769360687e0
2.64818736303e0	1.09769472855e0
3.33387036644e0	1.09769617784e0
3.35869500859e0	1.09769621443e0
4.19709412393e0	1.09769709671e0
4.83154716087e0	1.09769748349e0
5.28382844831e0	1.09769767874e0
6.65194590514e0	1.09769804713e0
6.95127005743e0	1.09769810029e0
8.37430373786e0	1.09769828014e0
1.00005921014e1	1.0976983994e0
1.05426237817e1	1.09769842747e0
1.32723769857e1	1.09769852056e0
1.67089326623e1	1.09769857938e0
2.10352999325e1	1.09769861652e0
2.64818736297e1	1.09769863998e0
3.33387036644e1	1.09769865479e0
4.19709412393e1	1.09769866414e0
5.28382844831e1	1.09769867004e0
6.65194590514e1	1.09769867377e0
8.37430373786e1	1.09769867612e0
1.05426237817e2	1.0976986776e0
1.32723769857e2	1.09769867854e0
141e0	1.09769867872e0