0e0	1.e0
1.04634630179e-5	1.00000051838e0
1.31727194887e-5	1.00000082156e0
1.65834713067e-5	1.00000130205e0
2.08773534438e-5	1.00000206353e0
2.62830307814e-5	1.00000327026e0
3.30883753496e-5	1.0000051825e0
4.16557965626e-5	1.00000821241e0
5.24415408412e-5	1.00001301254e0
6.60199883986e-5	1.0000206153e0
8.31142410814e-5	1.00003265252e0
1.04634630179e-4	1.00005169928e0
1.31727194887e-4	1.00008180885e0
1.65834713067e-4	1.0001293356e0
2.08773534438e-4	1.00020417775e0
2.62830307814e-4	1.00032159726e0
3.30883753496e-4	1.00050474619e0
4.16557965626e-4	1.00078783835e0
5.24415408412e-4	1.0012193309e0
6.60199883986e-4	1.00186317934e0
8.31142410814e-4	1.00279402049e0
1.04634630179e-3	1.00408005667e0
1.31727194887e-3	1.00574958695e0
1.65834713067e-3	1.00774996856e0
2.08773534438e-3	1.00992862594e0
2.62830307814e-3	1.01206802765e0
3.30883753496e-3	1.01396560198e0
4.16557965626e-3	1.01550273499e0
5.24415408412e-3	1.01665905151e0
6.60199883986e-3	1.01748142208e0
8.31142410814e-3	1.01804324801e0
1.00005921014e-2	1.01835512154e0
1.04634630179e-2	1.01841662217e0
1.31727194887e-2	1.01866022671e0
1.43836224762e-2	1.01872853379e0
1.65834713067e-2	1.01881725997e0
2.06791402688e-2	1.01891437751e0
2.08773532696e-2	1.01891770236e0
2.6282899757e-2	1.01898162726e0
2.97530937297e-2	1.01900574682e0
3.30704109262e-2	1.01902210919e0
4.10630486439e-2	1.01904658467e0
4.28089288886e-2	1.01905019966e0
4.7789790154e-2	1.01905842971e0
5.26703462721e-2	1.0190643412e0
5.6696943232e-2	1.01906811544e0
6.02930043199e-2	1.01907086793e0
6.15785422464e-2	1.01907173705e0
6.36474153004e-2	1.01907302691e0
6.68602036027e-2	1.01907479794e0
6.99913689037e-2	1.0190762949e0
7.30803339043e-2	1.01907758736e0
7.61548885163e-2	1.01907872094e0
7.92357698786e-2	1.01907972719e0
8.23392080343e-2	1.01908062887e0
8.54784346609e-2	1.01908144294e0
8.8578364616e-2	1.01908216344e0
8.86646244041e-2	1.01908218242e0
9.19075073229e-2	1.01908285752e0
9.52157813442e-2	1.01908347644e0
9.85973980719e-2	1.01908404583e0
1.02059765539e-1	1.0190845712e0
1.05609894799e-1	1.01908505715e0
1.09254507499e-1	1.01908550761e0
1.13000115694e-1	1.01908592589e0
1.16853081515e-1	1.01908631491e0
1.20819661944e-1	1.01908667716e0
1.24906042475e-1	1.01908701487e0
1.27420214341e-1	1.0190872067e0
1.2911836242e-1	1.01908732998e0
1.33462733976e-1	1.01908762422e0
1.37945256702e-1	1.01908789917e0
1.4257202881e-1	1.01908815621e0
1.47349156429e-1	1.01908839661e0
1.52282761911e-1	1.01908862152e0
1.57378992161e-1	1.01908883201e0
1.62644027907e-1	1.01908902902e0
1.68084094829e-1	1.01908921345e0
1.73705477403e-1	1.01908938613e0
1.79514536347e-1	1.0190895478e0
1.8325537332e-1	1.01908964387e0
1.85517730507e-1	1.01908969918e0
1.91721644046e-1	1.01908984092e0
1.98133019794e-1	1.01908997363e0
2.04758799615e-1	1.0190900979e0
2.11606172709e-1	1.01909021426e0
2.18682632796e-1	1.01909032321e0
2.25996045245e-1	1.01909042523e0
2.33554725356e-1	1.01909052076e0
2.4136752921e-1	1.01909061023e0
2.49443958828e-1	1.01909069402e0
2.57794283771e-1	1.01909077251e0
2.63633133993e-1	1.01909082301e0
2.66429681912e-1	1.01909084603e0
2.75362402831e-1	1.01909091493e0
2.84605958304e-1	1.01909097951e0
2.94175345672e-1	1.01909104006e0
3.04087311616e-1	1.01909109684e0
3.14360666194e-1	1.01909115012e0
3.25016660129e-1	1.01909120013e0
3.36079442555e-1	1.0190912471e0
3.47576622266e-1	1.01909129124e0
3.59539963588e-1	1.01909133275e0
3.72006259385e-1	1.01909137181e0
3.79240926047e-1	1.01909139274e0
3.85018440106e-1	1.01909140861e0
3.98627001574e-1	1.0190914433e0
4.12891869671e-1	1.01909147605e0
4.27884873724e-1	1.01909150699e0
4.43693083581e-1	1.01909153629e0
4.60423397432e-1	1.01909156406e0
4.78208982906e-1	1.01909159045e0
4.97218536328e-1	1.01909161558e0
5.17669955357e-1	1.01909163959e0
5.39851159669e-1	1.01909166261e0
5.45473385044e-1	1.019091668e0
5.64152945163e-1	1.01909168477e0
5.911230226e-1	1.01909170624e0
6.21559337997e-1	1.0190917272e0
6.56680759119e-1	1.01909174785e0
6.98461047792e-1	1.01909176847e0
7.50334511778e-1	1.01909178944e0
7.84682337616e-1	1.01909180109e0
8.18807128984e-1	1.01909181125e0
9.17262825943e-1	1.01909183447e0
1.07300328994e0	1.01909185899e0
1.12869323228e0	1.0190918654e0
1.32081477936e0	1.01909188163e0
1.62235774765e0	1.01909189644e0
1.6600880993e0	1.01909189775e0
2.08987583376e0	1.01909190801e0
2.33435964237e0	1.01909191149e0
2.63099760547e0	1.01909191448e0
3.3122297438e0	1.01909191857e0
3.35869500859e0	1.01909191876e0
4.16985019417e0	1.01909192115e0
4.83154716087e0	1.01909192227e0
5.24953037282e0	1.01909192277e0
6.60876718633e0	1.0190919238e0
6.95127005743e0	1.01909192397e0
8.3199449515e0	1.01909192445e0
1.00005921014e1	1.01909192479e0
1.04741901242e1	1.01909192486e0
1.31862241153e1	1.01909192512e0
1.66004726243e1	1.01909192528e0
2.08987568346e1	1.01909192538e0
2.6309976054e1	1.01909192545e0
3.3122297438e1	1.01909192549e0
4.16985019417e1	1.01909192551e0
5.24953037282e1	1.01909192551e0
6.60876718633e1	1.01909192554e0
8.3199449515e1	1.01909192554e0
1.04741901242e2	1.01909192553e0
1.31862241153e2	1.01909192556e0
1.66004726243e2	1.01909192555e0
2.08987568346e2	1.01909192548e0
2.6309976054e2	1.01909192553e0
3.3122297438e2	1.01909192555e0
4.16985019417e2	1.01909192561e0
5.24953037282e2	1.0190919256e0